$ANSIBLE_VAULT;1.1;AES256
36393731366532343430646233616566346565646632316537313061316235656630323130616138
6533626536383531613636303165633535333530613736360a663233373363326431666236656336
35613463363235396565363836656633333037626131333164363836373332666232363864316336
6534376330326635380a313334313561626334393138333166623762376532623365353836396665
66313132643335343564343833346530646236633862363733303731626332386230656465343863
39646533633664383461663563633337646363363962343730613236663761396133333239653766
30306234646234316135636563653932333164663435643662313865373836306131353163623934
62323138303132386633326131383166336331393034633330623238626362303730623931313231
37313532303366313836653937313261303066353166393736646338336266353363343164656635
65653164373035356330636139346366343563333537623034313737326164336561316333333731
30303834393534666538346562613663373030316632623735643934663232626363643932663564
66356261356266633033653962336566663632333230613434656632336532646562333365383561
64643662646131626663613234646235346634326636303165336139393431343063633361656130
36653033613263626232356365396262333137636362663438613037313066313137666531306632
37666438393262393061396366643336326262633632613663343432363766326237326436303031
63396533376366633064323535396136633832313237323936613238656438343230346663346362
62343333396466386534646366656665323538323936653564303934393032353338663539333738
36343432326534656563656564623033353636323434333365633264643361336566613365613934
63313733323863636439666163623466616162656133353761306566363134333532396433666464
30633635383063313036636331386662303431656561623936363464366239326134376262343366
61333431646665663761343534373563346634383638393430663834323239366336663239323636
33346338656137386635393136313735653561633533366536363662343166613463356333633135
63633963376636613932313063383266366234386337333633633934383530333831383730323134
37643232643163646332616435616130653663626338323534646137303266636165343838656334
3366
